   3.8917541503906250E-002
  -1.4839172130450606E-002
   13779545.034314921     
  -1.6202599043026567E-002
   6649461.7066696556     
  -6.3247681537177414E-003
  -2164260.0811445396     
   2.1667480468750000E-002
  -1181421.9489367465     
  -7.1863559831399471E-002
   121978.13184684294     
  -2.7551391103770584E-002
  -761745.69077261991     
  0.26249885559082031     
  -564962.32818908896     
  -1.2582778930664063E-002
   52174.240498719955     
 -0.16639089586169575     
   29157.318337734396     
 -0.16720414366136538     
  -40017.701119747260     
  -6.8990707397460938E-002
   50356.207882005459     
 -0.10815143585205078     
   45090.208891579161     
  0.17798805236816406     
   1981.9917252783998     
  0.22801825869828463     
   2649.0928243231756     
   8.1474504364450695E-002
   7334.7277709585123     
  -6.3694000244140625E-002
  -3038.1364408764421     
  0.26914501190185547     
  -2441.7888881558683     
  0.17008029273711145     
  -606.19631671904790     
  0.75439238548278809     
   12.136877873657795     
 -0.51184749603271484     
  -1308.7437423803058     
 -0.43596673011779785     
   541.57021603071189     
  0.54554556962102652     
  -342.54530171252554     
  0.14645481109619141     
   438.12062653616886     
   1.6143498420715332     
  -401.75197591118467     
 -0.25685575223178603     
   481.82639533210022     
 -0.60584443062543869     
  -406.46808106701064     
  -6.2847137451171875E-002
   418.63205043156631     
 -0.89122724533081055     
  -393.46094381608418     
  0.27708816528320313     
   360.84645163394453     
  0.63854780260589905     
  -348.15029833117660     
 -0.43211555480957031     
   348.79392186040059     
 -0.47956848144531250     
  -358.93458295533492     
 -0.58874511718750000     
   343.99231550435070     
 -0.54444353468716145     
  -313.40360650529328     
 -0.45230245741549879     
   297.60102795226703     
   1.1636695861816406     
  -306.93441700488620     
   1.5694956779479980     
   309.14974897996581     
  0.70083086844533682     
  -293.25904941880435     
 -0.51052093505859375     
   272.49016996475984     
